from_stop_id,to_stop_id,transfer_type
46,5889,0
46,5890,0
52,6773,0
52,6774,0
53,6773,0
53,6774,0
63,7237,0
63,7238,0
64,7237,0
64,7238,0
88,3153,0
88,3154,0
89,3153,0
89,3154,0
90,3452,0
90,3453,0
91,4455,0
91,8814,0
92,4455,0
92,8814,0
93,3452,0
93,3453,0
102,103,0
102,2266,0
102,2267,0
103,102,0
103,2266,0
103,2267,0
115,115,0
135,10328,0
136,136,0
136,137,0
136,4456,0
137,136,0
137,4456,0
142,142,0
142,143,0
142,6474,0
142,6475,0
142,9397,0
143,142,0
143,143,0
143,6474,0
143,6475,0
143,8770,3
143,9397,0
146,146,0
168,168,0
168,923,0
168,10952,0
170,7047,0
172,172,0
172,173,0
172,1140,0
172,1141,0
173,172,0
173,173,0
173,1140,0
173,1141,0
191,191,0
191,193,0
193,191,0
193,193,0
199,199,0
199,10848,0
199,11211,0
202,7036,0
202,7047,0
212,212,0
212,8213,0
310,310,0
310,4125,0
310,6502,0
316,316,0
341,341,0
348,348,0
348,5172,0
348,5184,0
348,5194,0
350,350,0
350,5172,0
350,5194,0
352,352,0
385,385,0
385,386,0
400,6542,0
400,6588,0
427,7437,0
427,7438,0
428,7437,0
428,7438,0
450,7812,0
450,7813,0
451,7812,0
451,7813,0
536,536,0
536,564,0
564,536,0
564,564,0
605,2165,0
605,13609,0
605,13617,0
616,2580,0
616,7602,0
616,7616,0
616,7618,0
616,10766,0
616,11011,0
622,2165,0
622,5897,0
625,1997,0
625,7763,0
627,6009,0
627,6357,0
631,6779,0
631,6843,0
634,634,0
634,7138,0
634,7139,0
635,635,0
635,7188,0
644,644,0
644,7392,0
654,7588,0
689,689,0
704,704,0
704,2167,0
704,5901,0
718,718,0
735,735,0
735,6911,0
735,9122,0
735,9757,0
735,9758,0
735,9860,0
735,13918,0
755,755,0
770,7440,0
770,7441,0
771,7440,0
771,7441,0
782,792,0
782,7631,0
782,7751,0
782,7782,0
782,7787,0
782,9303,0
782,13170,0
782,13171,0
792,782,0
792,792,0
792,7751,0
792,7782,0
792,7787,0
792,13170,0
793,7814,0
793,7815,0
794,7814,0
794,7815,0
813,7936,0
813,7937,0
814,7936,0
814,7937,0
832,8746,0
832,8747,0
832,13316,0
832,13532,0
838,838,0
838,839,0
838,6847,0
838,6848,0
839,838,0
839,845,0
845,839,0
845,6847,0
845,6848,0
852,7156,0
855,7156,0
923,168,0
923,923,0
923,10952,0
929,929,0
929,955,0
929,5552,0
930,930,0
930,5697,0
930,9320,0
930,10935,0
955,929,0
955,955,0
955,5552,0
956,956,0
956,957,0
956,5788,0
956,5789,0
957,956,0
957,957,0
957,5788,0
957,5789,0
965,965,0
965,966,0
966,965,0
966,966,0
1019,4369,0
1019,4370,0
1020,4369,0
1020,4370,0
1041,115,0
1050,6374,0
1050,10611,0
1068,1068,0
1097,1097,0
1097,2592,0
1097,8340,0
1097,8377,0
1097,11507,0
1097,11508,0
1097,11813,0
1097,11814,0
1097,11817,0
1108,1108,0
1108,3049,0
1108,10759,0
1108,10760,0
1108,10765,0
1114,3052,0
1114,3054,0
1114,5006,0
1114,10117,0
1114,10118,0
1114,12792,0
1129,3603,0
1129,3604,0
1140,172,0
1140,173,0
1141,172,0
1141,173,0
1147,3603,0
1147,3604,0
1163,1163,0
1163,1172,0
1163,1183,0
1172,1163,0
1172,1172,0
1182,1182,0
1182,1183,0
1182,13267,0
1183,1182,0
1183,1183,0
1183,13267,0
1187,1187,0
1187,1188,0
1188,1187,0
1196,1196,0
1196,1199,0
1199,1196,0
1199,1199,0
1214,1214,0
1218,1218,0
1220,3138,0
1226,1225,0
1226,1226,0
1226,1230,0
1229,1226,0
1230,1230,0
1230,3127,0
1259,4462,0
1259,4463,0
1273,1273,0
1273,5903,0
1273,5904,0
1277,6780,0
1277,6794,0
1278,6780,0
1278,6794,0
1285,1286,0
1285,7240,0
1286,1285,0
1286,1286,0
1286,7240,0
1289,7369,0
1289,7370,0
1290,7369,0
1290,7370,0
1293,1293,0
1293,5903,0
1293,5904,0
1331,8356,0
1331,8361,0
1332,8356,0
1332,8361,0
1375,6545,0
1375,6578,0
1376,6545,0
1376,6578,0
1379,6630,0
1379,6631,0
1381,6630,0
1381,6631,0
1427,6935,0
1427,6936,0
1428,6935,0
1428,6936,0
1435,3301,0
1435,7110,0
1458,7445,0
1458,7446,0
1459,7445,0
1459,7446,0
1469,7654,0
1469,7655,0
1470,7654,0
1470,7655,0
1471,7678,0
1471,7679,0
1472,7678,0
1472,7679,0
1497,1499,0
1497,7957,0
1497,7958,0
1499,7957,0
1499,7958,0
1519,2467,0
1550,7960,0
1551,7960,0
1551,7961,0
1579,8356,0
1579,8361,0
1580,12867,0
1580,12868,0
1581,12867,0
1581,12868,0
1606,9299,0
1606,13178,0
1612,8339,0
1612,8378,0
1651,1651,0
1651,1652,0
1652,1651,0
1652,1652,0
1660,4068,0
1660,4069,0
1661,4068,0
1661,4069,0
1665,8262,0
1682,1682,0
1682,1683,0
1683,1682,0
1712,1712,0
1712,1713,0
1713,1712,0
1713,1713,0
1759,7962,0
1759,7963,0
1760,7962,0
1760,7963,0
1764,13129,0
1764,13134,0
1765,10307,0
1766,1766,0
1778,2746,0
1778,2747,0
1787,1787,0
1787,6626,0
1792,4664,0
1792,4666,0
1792,4668,0
1793,7683,0
1793,7684,0
1794,7683,0
1794,7684,0
1818,1818,0
1818,1819,0
1818,7964,0
1818,7965,0
1818,8664,0
1819,1818,0
1819,7964,0
1819,7965,0
1831,1831,0
1831,6398,0
1831,13128,0
1831,13135,0
1831,13236,0
1846,5910,0
1846,5911,0
1847,5910,0
1847,5911,0
1848,6360,0
1856,6785,0
1856,6786,0
1857,6785,0
1857,6786,0
1862,7190,0
1862,7191,0
1863,7190,0
1863,7191,0
1870,7373,0
1870,7374,0
1871,7373,0
1871,7374,0
1876,7501,0
1876,7512,0
1877,7501,0
1877,7512,0
1890,7732,0
1891,7732,0
1903,5045,0
1903,5125,0
1910,7966,0
1910,7967,0
1911,7966,0
1911,7967,0
1926,1926,0
1926,1927,0
1927,1926,0
1927,1927,0
1930,1929,0
1930,1930,0
1930,6480,0
1930,6481,0
1947,1947,0
1993,10323,0
1993,10326,0
1994,10323,0
1994,10326,0
1997,625,0
1997,12805,0
2001,7451,0
2010,6610,0
2010,6611,0
2011,10754,0
2011,10772,0
2015,6516,0
2015,6517,0
2016,6516,0
2016,6517,0
2034,6648,0
2034,6649,0
2081,6919,0
2081,6920,0
2110,7451,0
2110,7452,0
2111,7451,0
2111,7452,0
2127,7818,0
2127,7819,0
2127,8345,0
2127,8372,0
2128,2127,0
2128,7818,0
2128,7819,0
2128,8345,0
2128,8372,0
2147,7972,0
2147,7973,0
2148,7972,0
2148,7973,0
2161,2161,0
2165,605,0
2165,622,0
2167,704,0
2167,2167,0
2167,13330,0
2170,3633,0
2170,3641,0
2171,2171,0
2171,5933,0
2175,2175,0
2175,8341,0
2175,8375,0
2175,8376,0
2178,6218,0
2195,2195,0
2208,3167,0
2208,9403,0
2209,3167,0
2209,9403,0
2221,4470,0
2221,4471,0
2222,4470,0
2222,4471,0
2253,8357,0
2253,8360,0
2253,10859,0
2266,102,0
2266,103,0
2266,2266,0
2266,2267,0
2267,102,0
2267,103,0
2267,2266,0
2267,2267,0
2272,13067,0
2295,2295,0
2295,9169,0
2295,9185,0
2296,2296,0
2296,9169,0
2296,9185,0
2317,4434,0
2317,4435,0
2341,2341,0
2341,2342,0
2342,2341,0
2343,2343,0
2354,6513,0
2354,6531,0
2354,10747,0
2356,2356,0
2358,6565,0
2364,2365,0
2364,2367,0
2365,2364,0
2366,6617,0
2366,6628,0
2366,9642,0
2367,2364,0
2367,6617,0
2367,6628,0
2367,9642,0
2401,8580,0
2401,8581,0
2420,2420,0
2420,2421,0
2420,13594,0
2421,2420,0
2421,13594,0
2432,2432,0
2432,2434,0
2434,2432,0
2434,2434,0
2438,2434,0
2439,2434,0
2460,8119,0
2466,2467,0
2467,1519,0
2467,2466,0
2467,2467,0
2512,13128,0
2512,13135,0
2534,6633,0
2534,6634,0
2535,6633,0
2535,6634,0
2541,7690,0
2541,7691,0
2542,7690,0
2542,7691,0
2563,13128,0
2563,13135,0
2566,12375,0
2566,12382,0
2567,12375,0
2567,12382,0
2568,2568,0
2568,2573,0
2573,2568,0
2574,2574,0
2574,2575,0
2574,8894,0
2575,2574,0
2580,616,0
2580,2580,0
2580,7602,0
2580,7616,0
2580,7618,0
2580,10491,0
2592,1097,0
2592,2592,0
2592,8340,0
2592,8377,0
2592,11507,0
2592,11508,0
2592,11813,0
2592,11814,0
2592,11817,0
2594,2594,0
2594,13614,0
2594,13616,0
2599,2599,0
2599,3303,0
2599,3637,0
2599,6543,0
2599,6551,0
2599,6576,0
2599,6585,0
2625,7459,0
2625,7460,0
2626,7459,0
2626,7460,0
2642,2642,0
2672,2672,0
2672,8181,0
2672,9845,0
2672,9846,0
2672,9954,0
2672,9955,0
2672,9956,0
2685,2685,0
2703,6635,0
2703,6636,0
2705,2705,0
2705,6635,0
2705,6636,0
2714,7281,0
2714,7282,0
2715,7281,0
2715,7282,0
2726,7463,0
2726,7474,0
2727,7463,0
2727,7474,0
2738,7692,0
2738,7693,0
2739,7692,0
2739,7693,0
2746,1778,0
2746,10196,0
2747,1778,0
2747,10196,0
2748,1778,0
2762,7984,0
2762,7986,0
2763,7984,0
2763,7986,0
2817,7876,0
2817,7894,0
2818,7876,0
2818,7894,0
2838,2838,0
2908,2908,0
2908,2909,0
2909,2908,0
2909,2909,0
2914,8079,0
2914,8086,0
2915,8079,0
2915,8086,0
2945,2945,0
2945,11506,0
2945,11509,0
2945,11839,0
3008,3008,0
3008,8480,0
3008,11837,0
3039,3039,0
3039,3049,0
3039,7767,0
3039,13123,0
3049,1108,0
3049,3049,0
3049,6493,0
3049,10759,0
3049,10760,0
3049,10765,0
3051,10759,0
3051,10760,0
3052,1114,0
3052,3052,0
3052,12792,0
3054,1114,0
3054,10117,0
3054,10118,0
3054,12792,0
3079,3079,0
3080,3080,0
3082,3082,0
3092,3092,0
3092,3093,0
3093,3092,0
3093,3093,0
3094,13031,0
3127,1230,0
3127,3127,0
3138,3137,0
3138,3138,0
3141,3141,0
3141,10305,0
3153,88,0
3153,89,0
3154,88,0
3154,89,0
3167,2208,0
3167,2209,0
3169,11503,0
3169,11512,0
3170,11503,0
3170,11512,0
3183,3184,0
3183,5996,0
3184,3183,0
3184,3184,0
3184,5996,0
3191,7382,0
3191,7383,0
3192,7382,0
3192,7383,0
3199,7519,0
3199,7520,0
3200,7519,0
3200,7520,0
3228,7918,0
3228,7990,0
3229,3229,0
3229,3230,0
3229,8457,0
3230,3229,0
3230,8457,0
3234,3234,0
3234,3235,0
3234,13783,0
3234,13784,0
3235,3234,0
3235,13783,0
3235,13784,0
3301,1435,0
3303,2599,0
3315,3315,0
3329,3329,0
3335,3336,0
3335,4161,0
3336,3335,0
3336,3352,0
3339,3339,0
3339,3340,0
3340,3340,0
3352,3336,0
3352,4161,0
3363,8207,0
3363,8208,0
3367,3367,0
3367,9544,0
3397,13710,0
3398,3397,0
3398,13729,0
3452,90,0
3452,93,0
3453,90,0
3453,93,0
3455,3455,0
3474,3474,0
3474,3509,0
3506,3506,0
3506,3507,0
3506,11501,0
3506,11514,0
3507,3506,0
3507,3507,0
3507,11501,0
3507,11514,0
3509,3474,0
3509,3509,0
3535,3535,0
3537,4494,0
3537,4495,0
3538,4494,0
3538,4495,0
3557,5950,0
3563,4437,0
3582,8491,0
3595,7121,0
3595,7122,0
3603,1129,0
3603,1147,0
3604,1129,0
3604,1147,0
3620,3622,0
3622,3620,0
3633,2170,0
3633,3633,0
3633,13614,0
3633,13616,0
3635,3635,0
3637,2599,0
3637,3637,0
3637,6551,0
3637,6576,0
3637,6585,0
3639,3639,0
3639,5020,0
3639,7594,0
3639,7608,0
3639,7612,0
3639,7765,0
3639,7767,0
3639,11486,0
3639,12787,0
3639,12790,0
3639,12791,0
3639,12793,0
3639,13123,0
3639,13167,0
3655,3655,0
3655,3669,0
3655,3673,0
3656,3656,0
3656,5846,0
3656,8209,0
3656,8210,0
3656,8211,0
3669,3673,0
3669,10873,0
3673,3655,0
3673,3669,0
3673,3673,0
3673,10873,0
3791,3791,0
3791,3839,0
3795,3795,0
3795,3843,0
3825,3825,0
3839,3791,0
3839,3839,0
3843,3795,0
3843,3843,0
3846,3846,0
3868,3868,0
3908,3908,0
3990,3990,0
4014,6542,0
4014,6588,0
4032,4032,0
4036,4036,0
4042,4043,0
4042,5958,0
4042,9343,0
4042,10953,0
4043,4043,0
4043,5958,0
4043,8341,0
4043,9343,0
4043,10953,0
4044,4044,0
4044,9305,0
4048,6818,0
4048,6842,0
4049,6818,0
4049,6842,0
4068,1660,0
4068,1661,0
4069,1660,0
4069,1661,0
4087,5599,0
4087,5600,0
4088,5599,0
4088,5600,0
4090,8920,0
4090,8928,0
4091,8920,0
4091,8928,0
4125,310,0
4161,3335,0
4161,3352,0
4164,4164,0
4171,13459,0
4208,12402,0
4317,4318,0
4318,4318,0
4369,1019,0
4369,1020,0
4370,1019,0
4370,1020,0
4429,4429,0
4431,4431,0
4434,2317,0
4434,4435,0
4435,2317,0
4435,4434,0
4435,4435,0
4437,3535,0
4437,3563,0
4455,91,0
4455,92,0
4456,136,0
4456,137,0
4462,1259,0
4462,4463,0
4463,1259,0
4463,4462,0
4463,4463,0
4470,2221,0
4470,2222,0
4471,2221,0
4471,2222,0
4473,11502,0
4473,11513,0
4474,11502,0
4474,11513,0
4494,3537,0
4494,3538,0
4495,3537,0
4495,3538,0
4502,6284,0
4537,4537,0
4537,4538,0
4537,4539,0
4537,13792,0
4538,4537,0
4538,4538,0
4538,4539,0
4538,13792,0
4539,4537,0
4539,4538,0
4539,13792,0
4545,4545,0
4546,4546,0
4572,6655,0
4572,8843,0
4573,6655,0
4573,8843,0
4575,4575,0
4583,4583,0
4583,4584,0
4584,4583,0
4586,4583,0
4617,6941,0
4617,6942,0
4618,6941,0
4618,6942,0
4627,4627,0
4627,7227,0
4627,7228,0
4651,7476,0
4651,7477,0
4653,7476,0
4653,7477,0
4664,1792,0
4664,7656,0
4666,1792,0
4666,7656,0
4667,7704,0
4667,7706,0
4668,7704,0
4668,7706,0
4693,8023,0
4693,8024,0
4695,8023,0
4695,8024,0
4707,13126,0
4707,13137,0
4709,13126,0
4709,13137,0
4715,4715,0
4720,4720,0
4724,10838,0
4724,10842,0
4730,10838,0
4730,10842,0
4760,8025,0
4760,8026,0
4761,8025,0
4761,8026,0
4817,4817,0
4817,4818,0
4818,4817,0
4818,4818,0
4935,4935,0
4935,4937,0
4937,4935,0
4937,4937,0
5006,1114,0
5006,3054,0
5006,5006,0
5006,9553,0
5006,9759,0
5006,9820,0
5006,10168,0
5006,12792,0
5007,10767,0
5012,9633,0
5012,10759,0
5012,10767,0
5020,3639,0
5020,5020,0
5020,7614,0
5020,7634,0
5020,7640,0
5020,7646,0
5020,7767,0
5020,7789,0
5020,8334,0
5020,8382,0
5020,8383,0
5020,12791,0
5020,13123,0
5028,5028,0
5028,12844,0
5035,6670,0
5035,6671,0
5036,6670,0
5036,6671,0
5045,1903,0
5045,9548,0
5050,10572,0
5050,10573,0
5050,10798,0
5050,10851,0
5050,10855,0
5087,7527,0
5087,7528,0
5104,7737,0
5104,7738,0
5105,7737,0
5105,7738,0
5125,1903,0
5125,9548,0
5138,8038,0
5138,8039,0
5139,8038,0
5139,8039,0
5145,5145,0
5145,5146,0
5146,5145,0
5165,5165,0
5165,5166,0
5166,5165,0
5166,5166,0
5172,348,0
5172,350,0
5172,5184,0
5184,348,0
5184,5172,0
5194,348,0
5194,350,0
5197,5197,0
5197,9038,0
5234,6654,0
5234,6672,0
5235,6654,0
5235,6672,0
5239,7793,0
5239,7794,0
5314,5314,0
5314,5709,0
5314,5710,0
5385,6673,0
5385,6674,0
5386,6673,0
5386,6674,0
5390,5390,0
5390,5467,0
5390,6921,0
5423,5426,0
5424,5425,0
5425,5424,0
5425,6652,0
5425,9219,0
5426,5423,0
5426,6652,0
5426,9219,0
5466,11073,0
5467,5390,0
5467,6921,0
5467,11073,0
5468,13320,0
5469,13320,0
5491,7149,0
5491,7152,0
5491,10006,0
5491,10007,0
5492,7149,0
5492,7152,0
5492,10006,0
5492,10007,0
5499,8047,0
5499,8048,0
5514,5511,0
5524,7487,0
5524,7488,0
5525,7487,0
5525,7488,0
5534,7714,0
5534,7716,0
5535,7714,0
5535,7716,0
5599,4087,0
5599,4088,0
5600,4087,0
5600,4088,0
5628,7012,0
5628,7013,0
5629,7012,0
5629,7013,0
5635,13499,0
5635,13705,0
5664,6708,0
5664,6709,0
5665,6708,0
5665,6709,0
5668,6896,0
5668,10302,0
5669,6896,0
5669,10302,0
5679,5679,0
5697,930,0
5697,10935,0
5706,5706,0
5706,5749,0
5706,5806,0
5706,5807,0
5706,5816,0
5709,5314,0
5709,5709,0
5709,5710,0
5710,5314,0
5710,5709,0
5749,5706,0
5749,5806,0
5749,5807,0
5788,956,0
5788,957,0
5788,5789,0
5789,956,0
5789,957,0
5789,5788,0
5794,5794,0
5806,5706,0
5806,5749,0
5807,5706,0
5807,5749,0
5813,5794,0
5813,5813,0
5816,5706,0
5824,5824,0
5835,8484,0
5836,5836,0
5836,8484,0
5836,8802,0
5846,3656,0
5846,5846,0
5846,8209,0
5846,8210,0
5846,8211,0
5846,8212,0
5846,10180,0
5846,13068,0
5846,13073,0
5846,13636,0
5878,5878,0
5889,46,0
5890,46,0
5890,5889,0
5890,5890,0
5897,622,0
5899,5899,0
5899,5900,0
5900,5899,0
5900,5900,0
5901,704,0
5901,5901,0
5901,13330,0
5903,1293,0
5904,1273,0
5904,1293,0
5910,1846,0
5910,1847,0
5911,1846,0
5911,1847,0
5917,8341,0
5917,8376,0
5918,5919,0
5919,5918,0
5919,5919,0
5927,5927,0
5927,5929,0
5929,5927,0
5933,2171,0
5933,5933,0
5950,3557,0
5958,4042,0
5958,4043,0
5960,6218,0
5975,5975,0
5996,3183,0
5996,3184,0
6000,1841,0
6000,1848,0
6000,6000,0
6006,6006,0
6009,627,0
6009,6009,0
6009,6220,0
6137,6137,0
6137,7747,0
6137,7797,0
6137,7803,0
6143,11005,0
6151,7136,0
6151,13718,0
6151,13721,0
6158,6158,0
6160,6160,0
6160,7586,0
6160,7625,0
6160,7636,0
6160,7642,0
6160,7747,0
6160,7777,0
6160,7803,0
6160,8335,0
6160,8381,0
6160,8382,0
6160,8383,0
6166,7928,0
6166,8047,0
6166,8048,0
6169,6169,0
6169,9600,0
6169,10768,0
6169,10791,0
6169,10792,0
6193,6193,0
6193,6199,0
6193,8157,0
6193,8163,0
6199,6193,0
6199,6199,0
6199,8157,0
6199,8163,0
6206,13458,0
6218,2178,0
6218,5960,0
6218,13609,0
6218,13617,0
6220,6009,0
6225,6565,0
6225,6566,0
6235,6235,0
6235,7138,0
6235,7139,0
6242,10866,0
6242,10867,0
6284,4502,0
6285,4502,0
6357,627,0
6357,6357,0
6359,6359,0
6360,1848,0
6374,1050,0
6374,10611,0
6384,6384,0
6398,1831,0
6398,6398,0
6398,13128,0
6398,13135,0
6409,7465,0
6409,7466,0
6411,6411,0
6411,6412,0
6412,6411,0
6412,6412,0
6412,7465,0
6412,7466,0
6415,6415,0
6415,6416,0
6415,7565,0
6416,6415,0
6416,7565,0
6421,7721,0
6421,10481,0
6470,6470,0
6470,13637,0
6474,142,0
6474,143,0
6474,9397,0
6475,142,0
6475,143,0
6475,9397,0
6493,3049,0
6493,6493,0
6493,9044,0
6502,310,0
6502,6502,0
6510,6511,0
6510,8348,0
6510,8369,0
6510,10877,0
6511,6510,0
6511,8348,0
6511,8369,0
6511,10877,0
6513,2354,0
6513,6513,0
6513,6531,0
6513,10746,0
6513,10747,0
6516,2015,0
6516,2016,0
6517,2015,0
6517,2016,0
6522,6522,0
6522,6523,0
6523,6522,0
6528,6528,0
6528,10840,0
6531,2354,0
6531,6531,0
6531,10746,0
6531,10747,0
6532,10746,0
6542,400,0
6542,4014,0
6543,2599,0
6545,1375,0
6545,1376,0
6551,2599,0
6551,3637,0
6565,2358,0
6565,6225,0
6566,6225,0
6567,6567,0
6576,2599,0
6576,3637,0
6577,13327,0
6577,13328,0
6578,1375,0
6578,1376,0
6585,2599,0
6585,3637,0
6588,400,0
6588,4014,0
6592,13327,0
6592,13328,0
6610,2010,0
6611,2010,0
6617,2366,0
6617,2367,0
6617,6628,0
6619,6619,0
6621,6623,0
6621,8349,0
6621,8368,0
6623,6621,0
6623,8349,0
6623,8368,0
6628,2366,0
6628,2367,0
6628,6617,0
6630,1379,0
6630,1381,0
6630,6631,0
6631,1379,0
6631,1381,0
6631,6630,0
6633,2534,0
6633,2535,0
6634,2534,0
6634,2535,0
6635,2703,0
6635,2705,0
6635,6636,0
6636,2703,0
6636,2705,0
6636,6635,0
6648,2034,0
6649,2034,0
6652,5425,0
6652,5426,0
6654,5234,0
6654,5235,0
6655,4572,0
6655,4573,0
6655,6668,0
6668,4572,0
6668,6655,0
6668,6668,0
6670,5035,0
6670,5036,0
6671,5035,0
6671,5036,0
6672,5234,0
6672,5235,0
6673,5385,0
6673,5386,0
6674,5385,0
6674,5386,0
6708,5664,0
6708,5665,0
6709,5664,0
6709,5665,0
6748,6748,0
6773,52,0
6773,53,0
6774,52,0
6774,53,0
6779,631,0
6779,10425,0
6780,1277,0
6780,1278,0
6785,1856,0
6785,1857,0
6786,1856,0
6786,1857,0
6794,1277,0
6794,1278,0
6818,4048,0
6818,4049,0
6832,6833,0
6832,8924,0
6832,9145,0
6833,6832,0
6833,8924,0
6833,9145,0
6839,6839,0
6842,4048,0
6842,4049,0
6843,631,0
6843,10425,0
6847,838,0
6847,845,0
6848,838,0
6848,845,0
6849,6849,0
6850,6850,0
6876,6877,0
6876,13715,0
6876,13724,0
6877,13715,0
6877,13724,0
6896,5668,0
6896,5669,0
6898,6899,0
6899,6898,0
6911,735,0
6911,5006,0
6911,6911,0
6911,9122,0
6911,9599,0
6911,9757,0
6911,9758,0
6914,8353,0
6914,8364,0
6914,9061,0
6919,2081,0
6919,6920,0
6920,2081,0
6920,6919,0
6920,6920,0
6921,5390,0
6921,5467,0
6921,6921,0
6935,1427,0
6935,1428,0
6936,1427,0
6936,1428,0
6941,4617,0
6941,4618,0
6942,4617,0
6942,4618,0
6961,9010,0
6961,9012,0
6964,9010,0
6964,9012,0
6970,9674,0
6970,10166,0
6992,9351,0
7012,5628,0
7012,5629,0
7013,5628,0
7013,5629,0
7024,7025,0
7024,9150,0
7025,7024,0
7025,7025,0
7025,9150,0
7026,7026,0
7036,202,0
7047,170,0
7047,202,0
7098,3635,0
7098,7098,0
7098,8336,0
7110,1435,0
7121,3595,0
7122,3595,0
7127,10777,0
7128,10777,0
7136,13718,0
7136,13721,0
7138,634,0
7138,6235,0
7139,634,0
7139,6235,0
7149,5491,0
7149,5492,0
7152,5491,0
7152,5492,0
7156,852,0
7156,855,0
7163,3596,0
7168,7169,0
7168,8986,0
7169,7168,0
7188,635,0
7190,1862,0
7190,1863,0
7191,1862,0
7191,1863,0
7227,4627,0
7228,4627,0
7237,63,0
7237,64,0
7238,63,0
7238,64,0
7240,1285,0
7240,1286,0
7281,2714,0
7281,2715,0
7282,2714,0
7282,2715,0
7339,7339,0
7339,7342,0
7342,7339,0
7342,7342,0
7369,1289,0
7369,1290,0
7370,1289,0
7370,1290,0
7373,1870,0
7373,1871,0
7374,1870,0
7374,1871,0
7382,3191,0
7382,3192,0
7383,3191,0
7383,3192,0
7392,644,0
7437,427,0
7437,428,0
7437,7437,0
7437,7438,0
7438,427,0
7438,428,0
7438,7437,0
7438,7438,0
7440,770,0
7440,771,0
7440,7440,0
7440,7441,0
7441,770,0
7441,771,0
7441,7440,0
7441,7441,0
7445,1458,0
7445,1459,0
7445,7445,0
7445,7446,0
7446,1458,0
7446,1459,0
7446,7445,0
7446,7446,0
7451,2001,0
7451,2110,0
7451,2111,0
7451,7451,0
7451,7452,0
7452,2110,0
7452,2111,0
7452,7451,0
7452,7452,0
7459,2625,0
7459,2626,0
7459,7459,0
7459,7460,0
7460,2625,0
7460,2626,0
7460,7459,0
7460,7460,0
7463,2726,0
7463,2727,0
7465,6409,0
7465,6412,0
7465,8243,0
7466,6409,0
7466,6412,0
7466,8243,0
7474,2726,0
7474,2727,0
7476,4651,0
7476,4653,0
7476,7476,0
7476,7477,0
7477,4651,0
7477,4653,0
7477,7476,0
7477,7477,0
7484,10870,0
7484,11313,0
7487,5524,0
7487,5525,0
7488,5524,0
7488,5525,0
7501,1876,0
7501,1877,0
7510,10870,0
7512,1876,0
7512,1877,0
7519,3199,0
7519,3200,0
7520,3199,0
7520,3200,0
7527,5087,0
7527,9756,0
7528,5087,0
7528,9756,0
7546,7546,0
7565,6415,0
7565,6416,0
7586,6160,0
7586,7586,0
7586,7625,0
7586,7636,0
7586,7642,0
7586,7747,0
7586,7803,0
7586,8334,0
7586,8335,0
7586,8382,0
7586,8383,0
7588,7588,0
7591,7591,0
7591,7793,0
7591,7794,0
7591,12762,0
7594,3639,0
7594,7594,0
7594,7608,0
7594,7612,0
7594,7765,0
7594,7767,0
7594,11486,0
7594,12790,0
7594,12791,0
7594,12793,0
7594,13123,0
7594,13167,0
7594,13169,0
7602,616,0
7602,2580,0
7602,7602,0
7602,7616,0
7602,10491,0
7602,10763,0
7602,12375,0
7602,12382,0
7602,13305,0
7608,3639,0
7608,7594,0
7608,7608,0
7608,7612,0
7608,7614,0
7608,7765,0
7608,7767,0
7608,7789,0
7608,11486,0
7608,12790,0
7608,12791,0
7608,12793,0
7608,13123,0
7608,13167,0
7608,13169,0
7612,3639,0
7612,5020,0
7612,7594,0
7612,7608,0
7612,7612,0
7612,7765,0
7612,7767,0
7612,11486,0
7612,12790,0
7612,12791,0
7612,12793,0
7612,13123,0
7612,13167,0
7612,13169,0
7614,3639,0
7614,5020,0
7614,7608,0
7614,7614,0
7614,7767,0
7614,7789,0
7614,7800,0
7614,13123,0
7614,13169,0
7616,616,0
7616,2580,0
7616,7602,0
7616,7616,0
7616,10762,0
7616,12793,0
7618,616,0
7618,2580,0
7618,7602,0
7618,7616,0
7618,10763,0
7618,10764,0
7618,13305,0
7625,6160,0
7625,7586,0
7625,7625,0
7625,7640,0
7625,7642,0
7625,7747,0
7625,7800,0
7625,7803,0
7625,8334,0
7625,8382,0
7627,7627,0
7627,7631,0
7627,7636,0
7631,782,0
7631,7627,0
7631,7631,0
7631,7636,0
7631,7751,0
7631,7782,0
7631,13168,0
7634,5020,0
7634,7634,0
7634,7642,0
7634,7800,0
7634,7807,0
7634,8335,0
7634,8382,0
7636,6160,0
7636,7586,0
7636,7627,0
7636,7631,0
7636,7636,0
7636,7642,0
7636,13168,0
7640,5020,0
7640,7625,0
7640,7640,0
7640,7646,0
7640,7800,0
7640,7807,0
7640,8334,0
7640,8335,0
7640,8382,0
7642,6160,0
7642,7586,0
7642,7625,0
7642,7634,0
7642,7636,0
7642,7642,0
7642,7807,0
7646,5020,0
7646,7640,0
7646,7646,0
7646,8335,0
7646,8382,0
7646,8384,0
7654,1469,0
7654,1470,0
7655,1469,0
7655,1470,0
7656,4664,0
7656,4666,0
7656,4668,0
7678,1471,0
7678,1472,0
7679,1471,0
7679,1472,0
7683,1793,0
7683,1794,0
7684,1793,0
7684,1794,0
7690,2541,0
7690,2542,0
7691,2541,0
7691,2542,0
7692,2738,0
7692,2739,0
7693,2738,0
7693,2739,0
7704,4667,0
7704,4668,0
7706,4667,0
7706,4668,0
7714,5534,0
7714,5535,0
7716,5534,0
7716,5535,0
7718,7718,0
7721,6421,0
7721,10484,0
7732,1890,0
7732,1891,0
7737,5104,0
7737,5105,0
7738,5104,0
7738,5105,0
7747,6137,0
7747,6160,0
7747,7586,0
7747,7625,0
7747,7747,0
7747,7777,0
7747,7807,0
7747,8334,0
7747,8383,0
7751,782,0
7751,792,0
7751,7631,0
7751,7751,0
7751,7782,0
7751,7787,0
7751,13168,0
7751,13170,0
7751,13171,0
7756,7772,0
7756,10762,0
7756,10764,0
7756,12791,0
7756,12793,0
7763,625,0
7763,7763,0
7763,12805,0
7765,3639,0
7765,7594,0
7765,7608,0
7765,7612,0
7765,7765,0
7765,7767,0
7765,11486,0
7765,12790,0
7765,12791,0
7765,12793,0
7765,13123,0
7765,13167,0
7765,13169,0
7767,3039,0
7767,3639,0
7767,5020,0
7767,7594,0
7767,7608,0
7767,7612,0
7767,7614,0
7767,7765,0
7767,7767,0
7767,7789,0
7767,7800,0
7767,11486,0
7767,12790,0
7767,12791,0
7767,12793,0
7767,13123,0
7767,13167,0
7767,13169,0
7772,7756,0
7772,7772,0
7772,10762,0
7772,10764,0
7773,7602,0
7773,7773,0
7773,10764,0
7773,13305,0
7774,7774,0
7774,10491,0
7774,10764,0
7774,13305,0
7777,6160,0
7777,7747,0
7777,7777,0
7777,8334,0
7777,8383,0
7782,782,0
7782,792,0
7782,6137,0
7782,7631,0
7782,7751,0
7782,7782,0
7782,7787,0
7782,13168,0
7782,13170,0
7787,782,0
7787,792,0
7787,7751,0
7787,7782,0
7787,7787,0
7787,13168,0
7787,13170,0
7789,5020,0
7789,7608,0
7789,7614,0
7789,7767,0
7789,7789,0
7789,7800,0
7789,8334,0
7789,13123,0
7789,13169,0
7793,7591,0
7793,7793,0
7793,7794,0
7793,12762,0
7794,7591,0
7794,7793,0
7794,7794,0
7794,12762,0
7797,6137,0
7797,7797,0
7800,5020,0
7800,7614,0
7800,7625,0
7800,7634,0
7800,7640,0
7800,7767,0
7800,7789,0
7800,7800,0
7800,7807,0
7800,8334,0
7800,8383,0
7803,6137,0
7803,6160,0
7803,7586,0
7803,7625,0
7803,7803,0
7803,8334,0
7803,8383,0
7807,5020,0
7807,7634,0
7807,7640,0
7807,7642,0
7807,7747,0
7807,7800,0
7807,7807,0
7807,8334,0
7807,8383,0
7812,450,0
7812,451,0
7813,450,0
7813,451,0
7814,793,0
7814,794,0
7815,793,0
7815,794,0
7818,2127,0
7818,2128,0
7819,2127,0
7819,2128,0
7827,8345,0
7827,8372,0
7828,8345,0
7828,8372,0
7856,2594,0
7876,2817,0
7876,2818,0
7879,7879,0
7879,7880,0
7880,7879,0
7880,7880,0
7894,2817,0
7894,2818,0
7900,385,0
7900,386,0
7918,3228,0
7918,7990,0
7920,7920,0
7920,7921,0
7921,7920,0
7928,6166,0
7928,8048,0
7936,813,0
7936,814,0
7937,813,0
7937,814,0
7957,1497,0
7957,1499,0
7958,1497,0
7958,1499,0
7960,1550,0
7960,1551,0
7961,1551,0
7962,1759,0
7962,1760,0
7963,1759,0
7963,1760,0
7963,7982,0
7964,1818,0
7964,1819,0
7964,8664,0
7965,1818,0
7965,1819,0
7965,8664,0
7966,1910,0
7966,1911,0
7967,1910,0
7967,1911,0
7972,2147,0
7972,2148,0
7973,2147,0
7973,2148,0
7975,7975,0
7975,8049,0
7982,7963,0
7984,2762,0
7984,2763,0
7986,2762,0
7986,2763,0
7990,3228,0
7990,7918,0
7990,7990,0
7999,7999,0
7999,8000,0
7999,8346,0
7999,8371,0
7999,10846,0
8000,7999,0
8000,8346,0
8000,8371,0
8000,10846,0
8015,13130,0
8015,13133,0
8016,13130,0
8016,13133,0
8023,4693,0
8023,4695,0
8024,4693,0
8024,4695,0
8025,4760,0
8025,4761,0
8026,4760,0
8026,4761,0
8038,5138,0
8038,5139,0
8039,5138,0
8039,5139,0
8047,5499,0
8047,6166,0
8048,5499,0
8048,6166,0
8048,7928,0
8049,7975,0
8079,2914,0
8079,2915,0
8079,8079,0
8086,2914,0
8086,2915,0
8086,8086,0
8119,2460,0
8157,6193,0
8157,6199,0
8163,6193,0
8163,6199,0
8168,3081,0
8181,2672,0
8181,9845,0
8181,9846,0
8181,9954,0
8181,9956,0
8190,8347,0
8190,8370,0
8194,8190,0
8194,8194,0
8194,8347,0
8194,8370,0
8194,10860,0
8194,10861,0
8194,10862,0
8194,10863,0
8199,8357,0
8199,8360,0
8199,10857,0
8199,10858,0
8199,10859,0
8207,3363,0
8207,8207,0
8207,8208,0
8208,3363,0
8208,8207,0
8208,8208,0
8209,3656,0
8209,5846,0
8209,8209,0
8209,8210,0
8209,8211,0
8209,8212,0
8209,10180,0
8209,13068,0
8209,13073,0
8209,13636,0
8210,3656,0
8210,5846,0
8210,8209,0
8210,8210,0
8210,8211,0
8210,8212,0
8210,10180,0
8210,13068,0
8210,13073,0
8210,13636,0
8211,3656,0
8211,5846,0
8211,8209,0
8211,8210,0
8211,8211,0
8211,8212,0
8211,10180,0
8211,13068,0
8211,13073,0
8211,13636,0
8212,5846,0
8212,8209,0
8212,8210,0
8212,8211,0
8212,10180,0
8212,13068,0
8212,13073,0
8212,13636,0
8213,212,0
8213,8213,0
8223,8223,0
8223,8225,0
8225,8223,0
8225,8225,0
8243,7465,0
8243,7466,0
8250,8250,0
8250,9026,0
8262,1665,0
8262,8262,0
8262,8270,0
8270,8262,0
8284,8506,0
8285,8285,0
8312,8312,0
8333,7777,0
8333,9600,0
8333,9633,0
8333,10767,0
8333,10768,0
8334,5020,0
8334,7586,0
8334,7625,0
8334,7640,0
8334,7747,0
8334,7777,0
8334,7789,0
8334,7800,0
8334,7803,0
8334,7807,0
8334,8334,0
8334,8335,0
8334,8382,0
8335,5020,0
8335,6160,0
8335,7586,0
8335,7634,0
8335,7640,0
8335,7646,0
8335,8334,0
8335,8335,0
8335,8336,0
8335,8381,0
8335,8382,0
8336,7098,0
8336,8335,0
8336,8336,0
8336,8381,0
8336,11956,0
8339,1612,0
8339,8339,0
8339,8378,0
8340,1097,0
8340,2592,0
8340,8340,0
8340,8377,0
8340,11507,0
8340,11508,0
8340,11813,0
8340,11814,0
8340,11817,0
8341,2175,0
8341,5917,0
8342,8342,0
8342,8375,0
8342,13611,0
8343,8513,0
8343,8937,0
8343,9305,0
8343,10876,0
8344,10868,0
8344,10869,0
8344,10870,0
8344,10871,0
8344,10872,0
8344,11313,0
8345,2127,0
8345,2128,0
8345,7827,0
8345,7828,0
8346,7999,0
8346,8000,0
8346,8010,0
8346,10846,0
8347,8190,0
8347,8347,0
8347,8370,0
8347,10860,0
8347,10861,0
8347,10862,0
8347,10863,0
8348,6504,0
8348,6510,0
8348,6511,0
8348,10877,0
8349,6621,0
8349,6623,0
8349,8368,0
8353,6914,0
8353,9061,0
8354,12397,0
8354,12398,0
8354,13320,0
8355,8355,0
8356,1331,0
8356,1332,0
8356,1579,0
8357,2253,0
8357,2798,0
8357,10859,0
8357,13638,0
8359,8359,0
8360,2253,0
8360,2798,0
8360,10859,0
8360,13638,0
8361,1331,0
8361,1332,0
8361,1579,0
8363,12397,0
8363,12398,0
8363,13320,0
8364,6914,0
8364,9061,0
8368,6621,0
8368,6623,0
8368,8349,0
8369,6510,0
8369,6511,0
8369,10877,0
8370,8190,0
8370,8347,0
8370,8370,0
8370,10860,0
8370,10861,0
8370,10862,0
8370,10863,0
8371,7999,0
8371,8000,0
8371,8010,0
8371,10846,0
8372,2127,0
8372,2128,0
8372,7827,0
8372,7828,0
8373,10868,0
8373,10869,0
8373,10870,0
8373,10871,0
8373,10872,0
8373,11313,0
8374,8513,0
8374,8937,0
8374,9305,0
8374,10876,0
8375,2175,0
8375,8342,0
8375,8375,0
8375,13611,0
8376,2175,0
8376,5917,0
8377,1097,0
8377,2592,0
8377,8340,0
8377,8377,0
8377,11507,0
8377,11508,0
8377,11813,0
8377,11814,0
8377,11817,0
8378,1612,0
8378,8378,0
8380,8337,0
8381,6160,0
8381,8335,0
8381,8336,0
8381,8382,0
8381,11956,0
8382,5020,0
8382,6160,0
8382,7586,0
8382,7625,0
8382,7634,0
8382,7640,0
8382,7646,0
8382,8334,0
8382,8335,0
8382,8381,0
8382,8382,0
8382,8383,0
8383,6160,0
8383,7586,0
8383,7747,0
8383,7777,0
8383,7800,0
8383,7803,0
8383,7807,0
8383,8382,0
8383,8383,0
8384,9600,0
8384,9633,0
8384,10767,0
8384,10768,0
8457,3229,0
8457,3230,0
8484,5835,0
8484,8484,0
8484,8802,0
8491,3582,0
8506,8284,0
8513,8343,0
8513,8374,0
8543,8643,0
8543,13529,0
8546,8546,0
8546,8558,0
8546,9962,0
8547,8557,0
8557,8547,0
8557,10026,0
8558,8546,0
8558,8558,0
8558,9962,0
8561,8543,0
8561,8643,0
8561,13529,0
8580,2401,0
8580,8860,0
8581,2401,0
8581,8860,0
8604,8604,0
8604,8635,0
8607,10211,0
8610,8610,0
8610,9324,0
8610,12746,0
8613,8625,0
8617,8617,0
8617,8619,0
8619,8617,0
8625,8613,0
8625,8625,0
8632,8632,0
8635,8604,0
8635,8635,0
8643,8543,0
8643,8561,0
8644,8644,0
8664,1818,0
8664,1819,0
8664,7964,0
8664,7965,0
8746,832,0
8746,8747,0
8746,13316,0
8746,13569,0
8747,832,0
8747,8746,0
8747,13532,0
8747,13569,0
8758,8758,0
8758,8759,0
8758,8760,0
8758,8761,0
8758,8762,0
8758,10447,0
8759,8758,0
8759,8760,0
8759,8761,0
8759,8762,0
8759,10447,0
8760,8758,0
8760,8759,0
8760,8760,0
8760,8761,0
8760,8762,0
8760,10447,0
8761,8758,0
8761,8759,0
8761,8760,0
8761,8761,0
8761,8762,0
8761,10447,0
8762,8758,0
8762,8759,0
8762,8760,0
8762,8761,0
8762,8762,0
8762,10447,0
8776,8776,0
8776,13475,0
8802,5835,0
8802,8484,0
8802,8802,0
8814,91,0
8814,92,0
8843,4572,0
8843,4573,0
8843,6668,0
8860,8580,0
8860,8581,0
8886,8886,0
8886,9299,0
8886,9303,0
8886,13178,0
8913,13124,0
8913,13139,0
8918,13124,0
8918,13139,0
8920,4090,0
8920,4091,0
8924,6832,0
8924,6833,0
8924,9145,0
8928,4090,0
8928,4091,0
8937,8343,0
8937,8374,0
8938,4044,0
8938,9305,0
8986,7168,0
8986,8986,0
8989,7163,0
8989,8989,0
9010,6961,0
9010,6964,0
9012,6961,0
9012,6964,0
9026,8250,0
9033,1051,0
9033,9033,0
9038,5197,0
9038,9038,0
9044,6493,0
9044,10759,0
9044,10760,0
9044,10765,0
9050,10084,0
9050,10115,0
9056,10084,0
9056,10115,0
9061,6914,0
9061,8353,0
9061,8364,0
9105,13591,0
9122,735,0
9122,6911,0
9122,9122,0
9122,9599,0
9122,9757,0
9122,9758,0
9122,9860,0
9122,13918,0
9139,713,0
9145,6832,0
9145,6833,0
9145,8924,0
9150,7024,0
9150,7025,0
9169,2295,0
9169,2296,0
9172,9172,0
9185,2295,0
9185,2296,0
9207,13499,0
9207,13705,0
9219,5425,0
9219,5426,0
9220,9220,0
9220,9649,0
9220,9650,0
9220,9651,0
9220,9653,0
9297,9297,0
9299,1606,0
9299,8886,0
9299,9299,0
9299,9300,0
9299,13178,0
9300,9299,0
9301,9300,0
9301,9303,0
9303,782,0
9303,8886,0
9303,9301,0
9303,9303,0
9303,13171,0
9305,4044,0
9305,8343,0
9305,8374,0
9305,8513,0
9305,8938,0
9320,930,0
9320,10935,0
9324,8610,0
9324,12746,0
9343,4042,0
9343,4043,0
9351,6992,0
9351,9351,0
9354,755,0
9354,9354,0
9397,142,0
9397,143,0
9397,6474,0
9397,6475,0
9403,2208,0
9403,2209,0
9477,13648,0
9505,9505,0
9505,11934,0
9505,13876,0
9505,13877,0
9526,9526,0
9544,3367,0
9544,9544,0
9545,8207,0
9545,8208,0
9545,9545,0
9548,5045,0
9548,5125,0
9552,5006,0
9552,9759,0
9552,9820,0
9553,5006,0
9553,9553,0
9553,9759,0
9553,9820,0
9599,6911,0
9599,9122,0
9599,9757,0
9599,9758,0
9600,6169,0
9600,8333,0
9600,8384,0
9600,9600,0
9600,9633,0
9600,10767,0
9600,10768,0
9600,10791,0
9600,10792,0
9610,9621,0
9610,9831,0
9610,9832,0
9621,9610,0
9621,9831,0
9621,9832,0
9621,9869,0
9621,9871,0
9624,9624,0
9624,9625,0
9624,9969,0
9624,9970,0
9624,9971,0
9624,9972,0
9624,9975,0
9624,11939,0
9625,9624,0
9625,9625,0
9625,9969,0
9625,9970,0
9625,9971,0
9625,9972,0
9625,9975,0
9627,9628,0
9628,9627,0
9628,9628,0
9633,5007,0
9633,5012,0
9633,8333,0
9633,8384,0
9633,9600,0
9633,9633,0
9633,10767,0
9633,10768,0
9642,2366,0
9642,2367,0
9648,10639,0
9649,9220,0
9649,9649,0
9649,9650,0
9649,9651,0
9649,9653,0
9650,9220,0
9650,9649,0
9650,9650,0
9650,9651,0
9650,9653,0
9651,9220,0
9651,9649,0
9651,9650,0
9651,9651,0
9651,9653,0
9653,9220,0
9653,9649,0
9653,9650,0
9653,9651,0
9653,9653,0
9674,6970,0
9688,9704,0
9704,9688,0
9756,7527,0
9756,7528,0
9757,735,0
9757,6911,0
9757,9122,0
9757,9599,0
9757,9757,0
9757,9758,0
9757,9860,0
9757,10809,0
9757,13918,0
9758,735,0
9758,5016,0
9758,6911,0
9758,9122,0
9758,9599,0
9758,9757,0
9758,9758,0
9758,9860,0
9758,10809,0
9758,13918,0
9759,5006,0
9759,9552,0
9759,9553,0
9759,9759,0
9759,9820,0
9764,346,0
9764,347,0
9818,9821,0
9818,9976,0
9818,9977,0
9818,9978,0
9818,9979,0
9818,9981,0
9818,9982,0
9818,9983,0
9818,9984,0
9818,9985,0
9818,9986,0
9818,13066,0
9820,5006,0
9820,9552,0
9820,9553,0
9820,9759,0
9820,9820,0
9821,9818,0
9821,9821,0
9821,9976,0
9821,9977,0
9821,9978,0
9821,9979,0
9821,9981,0
9821,9982,0
9821,9983,0
9821,9984,0
9821,9985,0
9821,9986,0
9821,13066,0
9825,9957,0
9825,9958,0
9826,9957,0
9826,9958,0
9827,12899,0
9828,12899,0
9829,9830,0
9830,9830,0
9831,9610,0
9831,9621,0
9831,9869,0
9831,9871,0
9832,9610,0
9832,9621,0
9832,9831,0
9832,9869,0
9832,9871,0
9835,9923,0
9835,10033,0
9835,10042,0
9836,9923,0
9836,10033,0
9836,10042,0
9837,9953,0
9838,9953,0
9842,3688,0
9845,2672,0
9845,9954,0
9845,9955,0
9845,9956,0
9846,2672,0
9846,8181,0
9846,9954,0
9846,9955,0
9846,9956,0
9860,735,0
9860,6911,0
9860,9757,0
9860,9758,0
9860,13918,0
9869,9621,0
9869,9831,0
9869,9832,0
9869,9871,0
9871,9610,0
9871,9621,0
9871,9831,0
9871,9832,0
9871,9869,0
9923,9835,0
9923,9836,0
9953,9837,0
9953,9838,0
9953,9953,0
9954,2672,0
9954,8181,0
9954,9845,0
9954,9846,0
9954,9954,0
9954,9955,0
9954,9956,0
9955,2672,0
9955,9845,0
9955,9846,0
9955,9954,0
9955,9956,0
9956,2672,0
9956,8181,0
9956,9845,0
9956,9846,0
9956,9954,0
9956,9955,0
9956,9956,0
9957,9825,0
9957,9826,0
9958,9825,0
9958,9826,0
9962,8546,0
9962,8558,0
9969,9624,0
9969,9625,0
9969,9969,0
9969,9970,0
9969,9971,0
9969,9972,0
9969,9975,0
9969,11939,0
9970,9624,0
9970,9625,0
9970,9969,0
9970,9971,0
9970,9972,0
9970,11939,0
9971,9624,0
9971,9625,0
9971,9969,0
9971,9970,0
9971,9971,0
9971,9972,0
9971,9975,0
9971,11939,0
9972,9624,0
9972,9625,0
9972,9969,0
9972,9970,0
9972,9971,0
9972,9972,0
9972,9975,0
9972,11939,0
9975,9624,0
9975,9625,0
9975,9969,0
9975,9970,0
9975,9971,0
9975,9972,0
9975,11939,0
9976,9818,0
9976,9821,0
9976,9976,0
9976,9977,0
9976,9978,0
9976,9979,0
9976,9981,0
9976,9982,0
9976,9983,0
9976,9984,0
9976,9985,0
9976,9986,0
9976,13066,0
9977,9818,0
9977,9821,0
9977,9976,0
9977,9977,0
9977,9978,0
9977,9979,0
9977,9981,0
9977,9982,0
9977,9983,0
9977,9984,0
9977,9985,0
9977,9986,0
9977,13066,0
9978,9818,0
9978,9821,0
9978,9976,0
9978,9977,0
9978,9978,0
9978,9979,0
9978,9981,0
9978,9982,0
9978,9983,0
9978,9984,0
9978,9985,0
9978,9986,0
9978,13066,0
9979,9818,0
9979,9821,0
9979,9976,0
9979,9977,0
9979,9978,0
9979,9979,0
9979,9981,0
9979,9982,0
9979,9983,0
9979,9984,0
9979,9985,0
9979,9986,0
9979,13066,0
9981,9818,0
9981,9821,0
9981,9976,0
9981,9977,0
9981,9978,0
9981,9979,0
9981,9981,0
9981,9982,0
9981,9983,0
9981,9984,0
9981,9985,0
9981,9986,0
9981,13066,0
9982,9818,0
9982,9821,0
9982,9976,0
9982,9977,0
9982,9978,0
9982,9979,0
9982,9981,0
9982,9982,0
9982,9983,0
9982,9984,0
9982,9985,0
9982,9986,0
9982,13066,0
9983,9818,0
9983,9821,0
9983,9976,0
9983,9977,0
9983,9978,0
9983,9979,0
9983,9981,0
9983,9982,0
9983,9983,0
9983,9984,0
9983,9985,0
9983,9986,0
9983,13066,0
9984,9818,0
9984,9821,0
9984,9976,0
9984,9977,0
9984,9978,0
9984,9979,0
9984,9981,0
9984,9982,0
9984,9983,0
9984,9984,0
9984,9985,0
9984,9986,0
9984,13066,0
9985,9818,0
9985,9821,0
9985,9976,0
9985,9977,0
9985,9978,0
9985,9979,0
9985,9981,0
9985,9982,0
9985,9983,0
9985,9984,0
9985,9985,0
9985,9986,0
9985,13066,0
9986,9818,0
9986,9821,0
9986,9976,0
9986,9977,0
9986,9978,0
9986,9979,0
9986,9981,0
9986,9982,0
9986,9983,0
9986,9984,0
9986,9985,0
9986,13066,0
10006,5491,0
10006,5492,0
10007,5491,0
10007,5492,0
10026,8557,0
10026,10026,0
10033,9835,0
10033,9836,0
10042,9835,0
10042,9836,0
10063,10063,0
10084,9050,0
10084,9056,0
10086,10113,0
10086,10114,0
10087,10113,0
10087,10114,0
10093,10107,0
10095,10095,0
10107,10107,0
10113,10086,0
10113,10087,0
10114,10086,0
10114,10087,0
10115,9050,0
10115,9056,0
10117,1114,0
10117,3054,0
10117,5006,0
10117,10118,0
10117,10168,0
10117,12792,0
10118,1114,0
10118,3054,0
10118,5006,0
10118,10117,0
10118,10168,0
10118,12792,0
10120,10120,0
10120,10121,0
10120,10299,0
10121,10120,0
10121,10121,0
10121,10299,0
10148,10148,0
10166,6970,0
10168,1114,0
10168,10117,0
10168,10118,0
10168,10168,0
10180,5846,0
10180,8209,0
10180,8210,0
10180,8211,0
10180,8212,0
10180,13068,0
10180,13073,0
10180,13636,0
10196,2746,0
10196,2747,0
10211,8607,0
10278,10278,0
10293,10293,0
10299,10120,0
10299,10121,0
10299,10299,0
10302,5668,0
10302,5669,0
10303,10303,0
10305,3141,0
10307,1765,0
10307,10307,0
10307,13129,0
10307,13134,0
10315,10721,0
10315,10723,0
10318,10721,0
10318,10723,0
10323,1993,0
10323,1994,0
10326,1993,0
10326,1994,0
10425,6779,0
10425,6843,0
10425,10425,0
10446,11251,0
10447,8758,0
10447,8759,0
10447,8760,0
10447,8761,0
10447,8762,0
10447,10447,0
10481,6421,0
10481,10484,0
10484,7721,0
10484,10481,0
10491,2580,0
10491,7602,0
10491,7774,0
10491,10491,0
10491,13305,0
10572,10851,0
10572,10853,0
10572,10854,0
10572,10855,0
10573,10851,0
10573,10853,0
10573,10854,0
10573,10855,0
10579,10579,0
10590,11830,0
10601,10601,0
10611,1050,0
10611,6374,0
10611,10611,0
10639,9648,0
10639,10639,0
10657,13033,0
10697,10697,0
10715,13639,0
10721,10315,0
10721,10318,0
10723,10315,0
10723,10318,0
10746,6513,0
10746,6531,0
10746,6532,0
10747,2354,0
10747,6513,0
10747,6531,0
10747,10747,0
10753,10773,0
10754,2011,0
10756,10770,0
10756,10791,0
10756,10792,0
10759,1108,0
10759,3049,0
10759,3051,0
10759,5012,0
10759,9044,0
10760,1108,0
10760,3049,0
10760,3051,0
10760,9044,0
10760,10760,0
10762,7616,0
10762,7756,0
10762,7772,0
10762,10764,0
10763,7602,0
10763,7774,0
10763,13305,0
10764,7616,0
10764,7756,0
10764,7772,0
10764,7773,0
10764,7774,0
10764,10762,0
10764,10764,0
10764,13305,0
10765,1108,0
10765,3049,0
10765,9044,0
10765,10765,0
10766,616,0
10766,1108,0
10766,9044,0
10767,5007,0
10767,5012,0
10767,8333,0
10767,8384,0
10767,9600,0
10767,9633,0
10767,10767,0
10768,6169,0
10768,8333,0
10768,8384,0
10768,9600,0
10768,9633,0
10770,10756,0
10770,10791,0
10770,10792,0
10772,2011,0
10773,10773,0
10777,7127,0
10777,7128,0
10779,13591,0
10790,10790,0
10790,10822,0
10791,6169,0
10791,9600,0
10791,10756,0
10791,10770,0
10792,6169,0
10792,9600,0
10792,10756,0
10792,10770,0
10798,10572,0
10798,10573,0
10798,10851,0
10798,10854,0
10798,10855,0
10822,10790,0
10838,4724,0
10838,4730,0
10840,6528,0
10842,4724,0
10842,4730,0
10845,10952,0
10846,7999,0
10846,8000,0
10846,8346,0
10846,8371,0
10848,193,0
10848,199,0
10848,10848,0
10848,11211,0
10851,10572,0
10851,10573,0
10851,10798,0
10851,10853,0
10851,10854,0
10851,10855,0
10853,10572,0
10853,10573,0
10853,10798,0
10853,10851,0
10853,10853,0
10853,10854,0
10854,10572,0
10854,10573,0
10854,10798,0
10854,10851,0
10854,10854,0
10854,10855,0
10855,10572,0
10855,10573,0
10855,10798,0
10855,10851,0
10855,10854,0
10859,2253,0
10859,8357,0
10859,8360,0
10859,10857,0
10859,10858,0
10859,10859,0
10859,13638,0
10860,10860,0
10862,8190,0
10862,10860,0
10862,10861,0
10862,10862,0
10862,10863,0
10863,8190,0
10863,8347,0
10863,8370,0
10863,10860,0
10863,10861,0
10863,10862,0
10866,6242,0
10867,6242,0
10868,7509,0
10868,8344,0
10868,8373,0
10868,10869,0
10868,10870,0
10868,10871,0
10869,7509,0
10869,8344,0
10869,8373,0
10869,10868,0
10869,10871,0
10869,10872,0
10870,7484,0
10870,7510,0
10870,8344,0
10870,10868,0
10870,10871,0
10870,10872,0
10871,8344,0
10871,8373,0
10871,10868,0
10871,10869,0
10871,10870,0
10871,10872,0
10872,8344,0
10872,8373,0
10872,10869,0
10872,10870,0
10872,10871,0
10873,3669,0
10873,3673,0
10876,10876,0
10877,6510,0
10877,6511,0
10877,8348,0
10877,8369,0
10878,10878,0
10878,10879,0
10879,10878,0
10879,10879,0
10935,930,0
10935,5697,0
10935,9320,0
10935,10935,0
10952,168,0
10952,923,0
10952,10845,0
10953,4042,0
10953,4043,0
11005,6143,0
11011,616,0
11011,1108,0
11073,5466,0
11073,5467,0
11111,11111,0
11211,199,0
11211,10848,0
11211,11211,0
11251,10446,0
11251,11251,0
11271,200,0
11313,7484,0
11313,8344,0
11313,8373,0
11484,11484,0
11486,3639,0
11486,7594,0
11486,7608,0
11486,7612,0
11486,7765,0
11486,7767,0
11486,11486,0
11486,12790,0
11486,12791,0
11486,12793,0
11486,13123,0
11486,13167,0
11486,13169,0
11498,11498,0
11498,11829,0
11498,11832,0
11499,12918,0
11499,13910,0
11501,3506,0
11501,3507,0
11502,4473,0
11502,4474,0
11503,3169,0
11503,3170,0
11503,11512,0
11505,11510,0
11506,2945,0
11506,11839,0
11507,1097,0
11507,2592,0
11507,8340,0
11507,8377,0
11507,11507,0
11507,11508,0
11507,11813,0
11507,11814,0
11507,11817,0
11508,1097,0
11508,2592,0
11508,8340,0
11508,8377,0
11508,11507,0
11508,11508,0
11508,11813,0
11508,11814,0
11508,11817,0
11509,2945,0
11509,11839,0
11510,11505,0
11512,3169,0
11512,3170,0
11512,11503,0
11513,4473,0
11513,4474,0
11514,3506,0
11514,3507,0
11516,12918,0
11516,13910,0
11779,11780,0
11780,11780,0
11813,1097,0
11813,2592,0
11813,8340,0
11813,8377,0
11813,11507,0
11813,11508,0
11813,11817,0
11814,1097,0
11814,2592,0
11814,8340,0
11814,8377,0
11814,11507,0
11814,11508,0
11814,11817,0
11817,1097,0
11817,2592,0
11817,8340,0
11817,8377,0
11817,11507,0
11817,11508,0
11817,11813,0
11817,11814,0
11817,11817,0
11829,11498,0
11830,10590,0
11832,11498,0
11837,3008,0
11837,11837,0
11839,2945,0
11839,11506,0
11839,11509,0
11839,11839,0
11928,11970,0
11934,9505,0
11934,13877,0
11939,9624,0
11939,9969,0
11939,9970,0
11939,9971,0
11939,9972,0
11939,9975,0
11939,11939,0
11944,11944,0
11944,11945,0
11945,11944,0
11945,11945,0
11956,3635,0
11956,7098,0
11956,8336,0
11956,8381,0
11956,12789,0
11956,12795,0
11968,3825,0
11970,11928,0
11970,11970,0
12374,611,0
12374,12374,0
12374,13607,0
12374,13619,0
12375,2566,0
12375,2567,0
12375,7602,0
12375,12763,0
12382,2566,0
12382,2567,0
12382,7602,0
12382,12763,0
12397,8354,0
12397,8363,0
12398,8354,0
12398,8363,0
12402,4208,0
12731,12731,0
12746,8610,0
12746,9324,0
12760,12845,0
12762,5239,0
12762,7591,0
12762,7793,0
12762,7794,0
12762,12762,0
12763,12375,0
12763,12382,0
12763,12763,0
12787,3639,0
12789,3635,0
12789,8336,0
12789,11956,0
12789,12789,0
12790,3639,0
12790,7594,0
12790,7608,0
12790,7612,0
12790,7765,0
12790,7767,0
12790,11486,0
12790,12790,0
12790,12791,0
12790,12793,0
12790,13123,0
12790,13167,0
12791,3639,0
12791,5020,0
12791,7594,0
12791,7608,0
12791,7612,0
12791,7756,0
12791,7765,0
12791,7767,0
12791,11486,0
12791,12790,0
12791,12791,0
12791,12793,0
12791,13123,0
12791,13167,0
12792,1114,0
12792,3052,0
12792,3054,0
12792,5006,0
12792,10117,0
12792,10118,0
12792,12792,0
12793,3639,0
12793,7594,0
12793,7608,0
12793,7612,0
12793,7616,0
12793,7756,0
12793,7765,0
12793,7767,0
12793,11486,0
12793,12790,0
12793,12791,0
12793,12793,0
12793,13123,0
12793,13167,0
12793,13169,0
12795,11956,0
12795,12795,0
12798,8337,0
12798,8380,0
12805,1997,0
12805,7763,0
12844,5028,0
12844,12844,0
12845,12760,0
12845,12845,0
12867,1580,0
12867,1581,0
12868,1580,0
12868,1581,0
12899,9827,0
12899,9828,0
12902,12902,0
12903,12903,0
12918,11499,0
12918,11516,0
12921,12921,0
12921,12922,0
12922,12921,0
12922,12922,0
12924,10146,0
13031,3094,0
13031,8464,0
13031,8598,0
13031,13031,0
13066,9818,0
13066,9821,0
13066,9976,0
13066,9977,0
13066,9978,0
13066,9979,0
13066,9981,0
13066,9982,0
13066,9983,0
13066,9984,0
13066,9985,0
13066,9986,0
13066,13066,0
13067,2272,0
13067,13481,0
13068,5846,0
13068,8209,0
13068,8210,0
13068,8211,0
13068,8212,0
13068,10180,0
13068,13636,0
13069,13079,0
13069,13084,0
13070,13070,0
13073,5846,0
13073,8209,0
13073,8210,0
13073,8211,0
13073,8212,0
13073,10180,0
13073,13636,0
13079,13069,0
13079,13079,0
13079,13084,0
13084,13069,0
13084,13079,0
13123,3039,0
13123,3639,0
13123,5020,0
13123,7594,0
13123,7608,0
13123,7612,0
13123,7614,0
13123,7765,0
13123,7767,0
13123,7789,0
13123,11486,0
13123,12790,0
13123,12791,0
13123,12793,0
13123,13123,0
13123,13167,0
13123,13169,0
13124,8913,0
13124,8918,0
13125,13297,0
13125,13298,0
13126,4707,0
13126,4709,0
13127,13218,0
13127,13219,0
13128,1831,0
13128,2512,0
13128,2563,0
13128,6398,0
13128,13236,0
13129,1764,0
13129,10307,0
13130,8015,0
13130,8016,0
13132,13248,0
13133,8015,0
13133,8016,0
13134,1764,0
13134,10307,0
13135,1831,0
13135,2512,0
13135,2563,0
13135,6398,0
13135,13236,0
13136,13218,0
13136,13219,0
13137,4707,0
13137,4709,0
13138,13297,0
13138,13298,0
13139,8913,0
13139,8918,0
13145,13145,0
13167,3639,0
13167,7594,0
13167,7608,0
13167,7612,0
13167,7765,0
13167,7767,0
13167,11486,0
13167,12790,0
13167,12791,0
13167,12793,0
13167,13123,0
13167,13167,0
13168,7631,0
13168,7636,0
13168,7751,0
13168,7782,0
13168,7787,0
13168,13168,0
13169,7594,0
13169,7608,0
13169,7612,0
13169,7614,0
13169,7765,0
13169,7767,0
13169,7789,0
13169,11486,0
13169,12793,0
13169,13123,0
13169,13169,0
13170,782,0
13170,792,0
13170,7751,0
13170,7782,0
13170,7787,0
13170,13170,0
13171,782,0
13171,7751,0
13171,9303,0
13171,13171,0
13178,1606,0
13178,8886,0
13178,9299,0
13212,4817,0
13212,4818,0
13218,13127,0
13218,13136,0
13219,13127,0
13219,13136,0
13236,13128,0
13236,13135,0
13236,13236,0
13247,13132,0
13247,13248,0
13248,13132,0
13248,13248,0
13252,13252,0
13267,1182,0
13267,1183,0
13297,13125,0
13297,13138,0
13298,13125,0
13298,13138,0
13305,7602,0
13305,7773,0
13305,7774,0
13305,10491,0
13305,10763,0
13305,10764,0
13305,13305,0
13316,832,0
13316,8746,0
13316,13532,0
13316,13569,0
13320,5468,0
13320,5469,0
13320,8354,0
13320,8363,0
13320,13320,0
13327,6577,0
13327,6592,0
13327,13327,0
13327,13328,0
13328,6577,0
13328,6592,0
13328,13327,0
13328,13328,0
13330,2167,0
13330,5901,0
13330,13330,0
13345,8353,0
13345,8364,0
13458,6206,0
13459,4171,0
13465,13465,0
13465,13586,0
13475,8776,0
13477,8223,0
13477,8225,0
13481,13067,0
13482,8223,0
13482,8225,0
13499,5635,0
13499,9207,0
13506,2253,0
13506,8198,0
13506,8357,0
13506,8360,0
13506,10857,0
13506,10858,0
13506,10859,0
13506,13638,0
13529,8543,0
13529,8561,0
13530,13530,0
13532,832,0
13532,8747,0
13532,13316,0
13532,13569,0
13546,13546,0
13546,13766,0
13569,8746,0
13569,8747,0
13569,13316,0
13569,13532,0
13584,13584,0
13586,13465,0
13591,9105,0
13591,10779,0
13591,13591,0
13594,2420,0
13594,2421,0
13597,13597,0
13601,13602,0
13601,13711,0
13601,13732,0
13602,13601,0
13602,13711,0
13602,13732,0
13604,13604,0
13607,12374,0
13609,605,0
13609,6218,0
13611,8342,0
13611,8375,0
13613,13613,0
13614,2594,0
13614,3633,0
13615,13712,0
13615,13772,0
13616,2594,0
13616,3633,0
13617,605,0
13617,6218,0
13619,12374,0
13636,5846,0
13636,8209,0
13636,8210,0
13636,8211,0
13636,8212,0
13636,10180,0
13636,13068,0
13636,13073,0
13637,6470,0
13637,13637,0
13639,10715,0
13648,9477,0
13685,10107,0
13693,13714,0
13693,13725,0
13704,13714,0
13704,13725,0
13705,5635,0
13705,9207,0
13709,13712,0
13709,13727,0
13709,13772,0
13709,13773,0
13710,3397,0
13711,13732,0
13712,13615,0
13712,13709,0
13712,13772,0
13712,13773,0
13713,4539,0
13713,13791,0
13714,13693,0
13714,13704,0
13715,6876,0
13715,6877,0
13717,13770,0
13717,13771,0
13718,7136,0
13718,13776,0
13718,13777,0
13720,3848,0
13721,7136,0
13721,13776,0
13721,13777,0
13722,13770,0
13722,13771,0
13724,6876,0
13724,6877,0
13725,13693,0
13725,13704,0
13726,4539,0
13726,13791,0
13727,13615,0
13727,13709,0
13727,13772,0
13727,13773,0
13728,13601,0
13728,13602,0
13728,13733,0
13729,3397,0
13729,3398,0
13732,13711,0
13733,13601,0
13733,13602,0
13733,13728,0
13770,13717,0
13770,13722,0
13770,13770,0
13770,13771,0
13771,13717,0
13771,13722,0
13771,13770,0
13771,13771,0
13772,13615,0
13772,13712,0
13773,13615,0
13773,13709,0
13773,13712,0
13773,13727,0
13776,13718,0
13776,13721,0
13777,7136,0
13777,13718,0
13777,13721,0
13780,2580,0
13780,7602,0
13780,10491,0
13781,13716,0
13781,13723,0
13781,13781,0
13782,13716,0
13782,13723,0
13782,13782,0
13783,3234,0
13783,3235,0
13784,3234,0
13784,3235,0
13791,13713,0
13791,13726,0
13792,4537,0
13792,4538,0
13792,4539,0
13792,13792,0
13876,9505,0
13876,13877,0
13877,13876,0
13877,13877,0
13910,11499,0
13910,11516,0
13918,735,0
13918,9122,0
13918,9599,0
13918,9757,0
13918,9758,0
13918,9860,0
